3
4
1983
1984
2
4
878
1984
2000
2
3
5
6
878
879
1983
4
6
7
879
4
5
15
21
22
878
990
5
879
960
972
990
1007
1008
9
12
972
1007
1008
2045
8
10
12
972
2045
9
12
14
841
2045
13
21
23
2032
2033
2178
2179
8
9
10
14
16
19
837
1007
1008
11
17
18
23
996
2179
10
12
19
841
6
16
22
27
990
1008
12
15
22
27
837
990
1008
13
18
30
31
996
997
2097
13
17
1946
2179
12
14
20
837
840
19
837
840
993
2297
6
11
22
23
878
2033
2035
6
15
16
21
23
26
27
997
11
13
21
22
996
997
2033
25
28
29
32
992
993
1037
24
28
29
35
42
46
992
22
27
30
991
997
15
16
22
26
837
997
2298
24
25
38
46
48
52
1037
1038
24
25
30
35
42
991
992
17
26
29
31
35
991
997
17
30
35
37
2097
24
36
842
993
1036
1037
1038
34
40
1036
2002
33
36
40
1036
25
29
30
31
37
39
42
32
34
40
41
43
1036
1037
1038
31
35
39
2097
2098
28
43
45
52
57
63
1038
35
37
42
44
2096
2098
33
34
36
41
1907
1908
2002
36
40
43
49
1908
25
29
35
39
44
46
47
36
38
41
45
49
51
53
1038
39
42
46
47
977
2096
38
43
51
53
63
67
70
1038
25
28
42
44
47
48
50
42
44
46
48
50
977
28
46
47
50
52
54
41
43
51
56
58
1908
2106
46
47
48
52
54
55
977
43
45
49
53
56
58
59
28
38
48
50
54
57
2061
43
45
51
58
59
67
70
75
48
50
52
55
57
977
2060
2061
50
54
977
2060
2061
49
51
58
60
62
65
66
2104
2106
38
52
54
63
2061
2062
49
51
53
56
59
64
65
66
51
53
58
64
65
75
80
954
56
61
62
66
994
2104
60
62
994
1000
56
60
61
66
68
1000
38
45
57
67
1081
2061
2062
58
59
65
954
1881
56
58
59
64
66
68
1881
56
58
60
62
65
68
45
53
63
70
72
1081
62
65
66
71
74
1000
2018
71
76
77
873
1000
2016
2017
45
53
67
72
75
78
1081
68
69
74
77
79
995
1000
67
70
73
75
78
1081
72
78
1074
1081
1954
68
71
79
1881
2018
53
59
70
72
78
80
83
69
77
81
873
999
2017
69
71
76
995
999
70
72
73
75
80
83
1074
1954
71
74
995
1002
1006
1881
59
75
78
83
954
76
82
84
873
998
999
2026
81
84
85
998
75
78
80
955
1074
1075
1076
81
82
85
1004
1040
2026
82
84
1003
1004
88
89
978
980
1001
1002
1006
90
91
92
96
956
1881
86
89
980
1006
1881
86
88
100
102
980
1881
87
92
96
923
956
1905
1906
87
92
99
1881
87
90
91
96
99
94
95
100
979
980
1005
1040
93
95
97
1040
93
94
97
100
980
87
90
92
99
923
94
95
98
100
101
104
1040
97
100
101
104
105
107
1040
91
92
96
103
1084
1085
1881
89
93
95
97
98
101
102
980
2094
97
98
100
102
107
2094
2095
89
100
101
1881
2094
99
106
1084
1085
1881
97
98
105
109
117
843
1039
1040
2283
2284
98
104
107
109
103
108
110
1050
1881
98
101
105
109
111
2094
2095
106
110
112
115
1050
1881
104
105
107
111
117
106
108
112
115
1050
107
109
113
114
117
119
1009
2095
108
110
115
116
1011
1881
111
114
120
1881
2095
111
113
119
120
1009
1881
108
110
112
116
1011
112
115
118
1011
1012
1881
104
109
111
843
1009
1010
116
949
1011
1012
1881
111
114
120
123
984
985
986
1009
113
114
119
132
134
985
1881
949
953
1012
2233
124
125
132
953
1029
1881
2233
2234
119
127
984
1009
2151
2152
122
132
134
1029
1030
1881
122
126
942
943
1029
2234
125
943
2051
123
129
920
921
984
986
2152
942
943
1029
127
137
139
140
920
921
984
986
131
133
138
1027
1028
2052
130
133
136
137
139
140
141
1027
1028
120
122
124
134
1881
130
131
136
138
966
2313
120
124
132
135
985
1028
1030
134
137
985
986
1028
131
133
140
141
966
967
1023
129
131
135
139
986
1028
130
133
871
2052
2313
129
131
137
140
986
1028
129
131
136
139
141
921
131
136
140
921
144
866
966
967
1053
2314
144
967
1024
2272
142
143
866
2247
2272
146
1960
2066
2067
2248
145
982
2067
2248
148
982
983
987
2066
2067
2223
147
151
983
987
2217
150
957
2248
149
151
957
981
2248
148
150
983
2217
2218
153
1914
2021
2245
152
2021
2137
2245
155
157
186
1020
1021
2196
2282
2285
2286
154
157
162
165
178
2170
2285
924
2161
2196
2281
2284
154
155
162
165
167
1020
1021
159
163
969
1940
158
160
161
163
1934
159
161
163
1934
159
160
163
961
1934
2161
155
157
165
167
158
159
160
161
1940
2006
165
166
177
2169
2170
155
157
162
164
166
167
2170
164
165
167
168
175
176
177
1021
157
162
165
166
1020
1021
166
169
170
171
173
175
900
1021
1969
168
170
900
2153
168
169
171
2153
168
170
1945
1968
1969
2153
2154
213
223
1923
2210
2211
2214
2273
168
175
179
222
1969
1015
1885
1913
1940
2007
166
168
173
176
179
1969
166
175
177
179
164
166
176
179
185
875
1972
2169
155
181
183
2170
173
175
176
177
222
1971
1972
182
184
191
1022
1886
1991
1992
2093
2162
178
183
2183
2285
180
184
2093
2160
2195
2196
178
181
2170
2183
180
182
191
2160
177
216
875
2169
2176
154
900
1021
2078
2196
2197
2282
189
834
835
2078
2154
2160
2195
189
190
834
2154
187
188
834
2154
188
193
200
834
2103
180
184
193
195
196
834
835
194
197
2029
2030
190
191
195
196
834
2103
192
197
2029
2141
2142
2184
191
193
196
1022
1886
2228
191
193
195
198
2103
2228
192
194
199
201
2184
196
933
936
1077
1078
2103
2228
2327
197
201
203
204
1930
2184
190
1031
2103
2154
2327
197
199
202
203
2030
201
203
204
350
1047
1048
2030
199
201
202
204
199
202
203
212
1047
1930
2146
229
231
233
1061
2213
207
209
211
939
1900
2212
206
208
209
210
213
225
2212
2213
207
225
226
229
2212
2213
206
207
210
211
207
209
211
213
206
209
210
1900
1913
1922
204
1047
1930
2145
2146
172
207
210
223
224
225
1923
2214
215
216
2175
2176
214
216
875
904
1980
2019
2175
185
214
215
875
2176
219
220
223
226
229
230
231
2288
874
875
1972
1980
217
220
2237
2287
2288
217
219
223
2215
2237
240
242
2237
2238
2287
173
179
1969
1971
2020
2221
172
213
217
220
224
226
2214
2215
213
223
225
226
207
208
213
224
226
229
208
217
223
224
225
229
228
232
244
245
274
276
277
278
1026
227
232
1026
2163
205
208
217
225
226
230
231
233
2213
217
229
231
2157
2173
2288
205
217
229
230
233
2173
227
228
244
245
2163
205
229
231
1060
1061
2173
236
241
244
2019
2163
239
240
2114
2115
2157
2174
2288
234
1909
2019
2020
2163
238
239
304
2089
2111
2114
2115
237
239
248
250
252
932
2111
235
237
238
240
248
2114
221
235
239
242
243
248
2287
2288
234
244
247
249
904
2019
221
240
243
246
2209
2238
240
242
246
248
227
232
234
241
245
247
249
2163
227
232
244
247
262
263
274
275
276
242
243
248
2180
2209
241
244
245
249
251
260
262
238
239
240
243
246
250
2180
241
244
247
251
904
238
248
252
2180
2182
247
249
260
262
904
238
250
255
256
316
932
2073
2182
254
264
2177
253
264
922
2145
2177
252
256
257
2073
2181
2182
2192
252
255
257
2073
255
256
258
1034
2073
2181
2192
257
259
1034
2073
258
1034
2073
2235
2236
247
251
262
263
904
2175
1034
1035
2274
245
247
251
260
263
245
260
262
269
270
271
272
274
275
2143
2175
2177
253
254
922
2177
267
268
892
2216
2220
922
1066
1067
265
268
2024
2043
2044
2216
2220
265
267
273
892
2043
263
270
290
2143
263
269
271
290
263
270
272
290
917
263
271
275
288
917
268
2044
227
245
263
275
276
284
285
245
263
272
274
285
287
288
227
245
274
277
282
284
285
227
276
278
279
280
282
284
227
277
279
1026
2164
277
278
280
282
2164
277
279
281
282
283
2164
280
282
283
301
1899
2164
276
277
279
280
281
283
284
280
281
282
284
299
301
274
276
277
282
283
285
297
299
274
275
276
284
287
297
299
1901
2044
2236
275
285
288
297
272
275
287
292
294
297
917
291
293
833
1018
2221
2326
269
270
271
917
2143
2144
2241
289
293
833
1018
2164
288
294
303
305
917
2241
289
291
295
298
913
1018
288
292
297
299
303
2190
293
296
298
300
1018
1033
1060
295
1019
1060
2327
284
285
287
288
294
299
293
295
300
309
913
1018
283
284
285
294
297
301
2190
295
298
302
309
913
1033
281
283
299
1899
2189
2190
300
306
309
1032
1033
292
294
305
307
308
2190
237
930
2088
2089
2111
2270
2271
292
303
307
313
317
342
2136
2241
2242
302
309
891
912
1032
303
305
308
312
313
303
307
310
312
313
2189
2190
298
300
302
306
891
913
308
311
312
1070
2189
310
312
320
323
1070
307
308
310
311
313
317
320
305
307
308
312
317
320
315
316
318
321
322
931
932
314
316
321
322
2073
252
314
315
931
932
2073
305
312
313
320
327
329
342
314
319
322
931
318
322
912
931
311
312
313
317
323
326
327
329
314
315
322
1064
1065
2073
314
315
318
319
321
324
896
912
1064
1065
311
320
326
327
1070
322
325
896
1065
324
328
896
1064
1065
2074
320
323
327
334
1056
1070
317
320
323
326
329
332
334
325
331
883
896
2074
317
320
327
332
342
836
332
335
337
338
836
328
882
883
327
329
330
334
335
836
883
1025
2074
2236
326
327
332
335
336
337
1055
1056
330
332
334
337
334
337
1055
330
334
335
336
338
330
337
836
340
1025
2236
339
1025
1071
2236
347
348
350
305
317
329
349
836
2136
344
345
346
347
350
1066
1067
343
345
1067
343
344
346
1067
343
345
347
1067
2242
341
343
346
348
350
2136
2242
341
347
349
836
2136
2242
342
348
836
2136
202
341
343
347
922
1048
1066
2056
2057
352
357
1862
1864
2101
351
353
355
356
357
1862
1864
1865
352
355
356
1864
1865
2167
2168
948
952
1072
1073
1079
352
353
356
358
2167
352
353
355
357
358
2046
351
352
356
2046
2101
355
356
2046
2048
2167
360
361
362
672
2047
2101
359
361
417
418
2101
359
360
362
364
406
408
417
359
361
364
2049
365
374
377
1080
2015
361
362
366
406
1989
2048
2049
2167
363
370
372
374
376
389
1062
1080
364
367
369
375
404
406
1989
366
368
369
375
404
406
885
367
390
404
736
885
886
366
367
375
940
1866
1989
365
371
372
389
370
372
376
385
386
389
2063
2171
365
370
371
374
376
375
885
940
941
363
365
372
376
377
378
366
367
369
373
885
940
365
371
372
374
377
378
385
386
862
863
363
374
376
378
435
2015
374
376
377
435
862
380
381
383
384
385
863
379
381
382
383
890
379
380
424
426
428
890
380
383
388
391
890
1039
379
380
382
384
387
388
379
383
385
386
387
863
371
376
379
384
386
387
862
863
371
376
384
385
387
2171
383
384
385
386
388
2171
382
383
387
1039
2171
2172
365
370
371
1062
1943
2063
368
392
394
402
404
736
886
382
393
407
890
2283
390
394
395
736
391
396
407
890
2283
390
392
395
399
401
402
404
958
392
394
397
399
736
393
398
405
407
2283
395
399
729
736
958
959
396
400
403
405
407
924
2283
2284
394
395
397
958
398
403
924
394
402
410
412
958
390
394
401
404
408
410
398
400
405
924
925
366
367
368
390
394
402
406
408
396
398
403
407
409
411
413
925
361
364
366
367
404
408
417
391
393
396
398
405
409
890
361
402
404
406
410
416
417
405
407
411
413
890
1895
401
402
408
412
414
415
416
405
409
413
1895
401
410
414
415
427
429
433
434
958
2294
405
409
411
421
925
1895
410
412
415
419
410
412
414
416
418
419
893
408
410
415
417
418
893
360
361
406
408
416
418
360
415
416
417
893
2101
414
415
420
422
893
2294
419
422
893
911
2101
2102
2128
413
925
1045
1895
419
420
423
475
911
2128
2129
2293
2294
422
475
2129
2293
2294
381
425
426
890
1895
1896
424
426
1896
2249
381
424
425
428
430
2123
2249
412
429
431
2293
2294
381
426
430
432
970
412
427
431
433
426
428
432
2123
427
429
433
434
436
469
471
472
2293
428
430
438
970
971
2123
412
429
431
434
958
412
431
433
436
437
958
377
378
862
970
971
2015
431
434
437
439
442
464
469
471
434
436
439
959
432
971
2015
2123
436
437
440
442
959
439
442
443
444
445
446
729
959
453
486
487
488
491
2014
436
439
440
443
464
469
440
442
444
463
464
440
443
445
460
463
464
440
444
446
458
460
463
440
445
449
452
458
460
726
729
448
450
461
2014
447
461
467
468
1051
2014
446
452
458
726
729
2110
447
451
457
461
2014
450
453
457
446
449
454
455
458
718
441
451
457
481
487
2014
452
455
522
717
718
937
938
452
454
458
460
462
505
522
457
459
461
480
481
450
451
453
456
461
480
481
445
446
449
452
455
460
462
456
461
467
480
2187
2188
444
445
446
455
458
462
463
447
448
450
456
457
459
467
455
458
460
463
465
496
502
505
443
444
445
460
462
464
465
436
442
443
444
463
465
469
462
463
464
466
469
489
495
496
502
465
469
470
489
448
459
461
468
2187
448
467
1051
1642
1981
2011
2187
2188
2305
431
436
442
464
465
466
470
471
466
469
471
472
485
489
490
431
436
469
470
472
431
470
471
473
484
485
2293
472
474
475
484
2293
473
475
476
477
479
483
484
2259
422
423
473
474
476
2129
2293
474
475
911
2059
2129
2259
474
478
479
581
2079
2259
477
479
482
580
581
474
477
478
482
483
456
457
459
481
950
2188
453
456
457
480
487
488
950
478
479
483
484
578
579
580
474
479
482
484
472
473
474
482
483
485
578
579
470
472
484
489
490
577
578
441
488
491
492
494
918
950
1888
441
453
481
488
441
481
486
487
950
465
466
470
485
490
495
470
485
489
493
495
568
574
577
441
486
492
2014
2015
2124
486
491
494
2069
2249
490
495
496
497
568
857
486
492
918
919
2069
465
489
490
493
496
497
462
465
493
495
497
502
493
495
496
498
502
510
515
568
857
497
515
857
859
500
501
518
520
521
524
598
898
899
499
501
503
504
514
516
518
520
499
500
503
598
462
465
496
497
505
508
510
500
501
504
591
592
598
889
500
503
509
511
514
591
592
455
462
502
508
522
507
509
545
546
588
589
592
506
509
535
537
546
502
505
510
522
937
504
506
507
511
512
535
537
592
497
502
508
513
515
504
509
512
514
509
511
514
534
535
510
515
519
523
937
500
504
511
512
516
533
534
497
498
510
513
517
519
500
514
518
526
533
515
519
529
544
858
859
499
500
516
520
525
526
513
515
517
523
529
530
938
499
500
518
521
525
526
499
520
524
525
454
455
505
508
937
513
519
530
937
938
499
521
525
2068
518
520
521
524
526
1963
1964
2250
516
518
520
525
533
1929
1963
528
536
538
675
689
1882
1883
527
529
531
532
536
938
1882
2224
517
519
528
530
531
532
536
542
544
519
523
529
531
938
528
529
530
532
938
528
529
531
514
516
526
534
1929
512
514
533
535
1929
507
509
512
534
537
1929
527
528
529
538
542
547
668
507
509
535
539
546
1944
527
536
668
674
675
870
537
540
543
546
548
1944
2239
539
541
543
548
540
543
548
549
2253
529
536
544
547
552
553
621
856
858
539
540
541
2239
2240
2253
517
529
542
858
506
546
566
588
915
2307
506
507
537
539
545
548
588
536
542
551
552
621
622
660
668
868
539
540
541
546
549
565
2308
541
548
560
563
565
2253
2254
738
739
946
2260
547
622
623
659
660
2132
2133
542
547
553
621
542
552
556
558
620
621
856
555
557
569
2232
2260
554
2232
2254
2260
553
558
619
620
554
559
560
569
2232
2260
553
556
561
577
609
619
856
557
560
562
563
567
569
2232
549
557
559
562
563
2232
558
577
609
856
2320
2321
559
560
563
564
565
567
549
559
560
562
565
562
565
566
567
2307
548
549
562
563
564
2308
545
564
567
575
576
584
586
915
2307
559
562
564
566
569
570
573
575
490
493
497
574
577
857
554
557
559
567
570
2260
567
569
571
573
2260
570
572
573
699
707
2260
571
573
575
576
699
707
1013
1014
567
570
571
572
575
490
568
577
566
567
572
573
576
566
572
575
583
584
586
690
1013
485
490
558
561
568
574
578
585
590
593
597
856
964
2320
482
484
485
577
579
585
482
484
578
580
585
860
861
478
482
579
581
860
861
477
478
580
851
860
2079
587
851
860
861
963
576
584
594
690
566
576
583
586
594
916
577
578
579
861
963
964
566
576
584
915
916
582
963
965
1970
2076
506
545
546
589
915
506
588
591
592
915
916
577
593
964
965
503
504
589
592
598
916
503
504
506
509
589
591
577
590
597
2076
583
584
690
867
889
916
1996
596
597
599
601
602
2076
2077
595
599
600
601
602
577
593
595
599
2076
2320
499
501
503
591
889
899
595
596
597
600
2320
596
599
602
606
613
2320
595
596
602
632
2077
2112
2193
595
596
600
601
606
629
632
604
607
1902
1976
2299
2300
603
605
607
1902
1932
604
686
888
1933
2301
600
602
613
628
629
632
2320
603
604
867
1932
1976
610
611
612
2320
2321
558
561
610
619
2321
608
609
611
616
618
619
2321
608
610
612
615
616
623
608
611
613
614
615
623
2320
600
606
612
614
623
624
628
629
2320
612
613
623
624
2132
611
612
616
622
623
610
611
615
618
622
657
1058
1903
2301
2302
610
616
619
620
621
622
556
558
609
610
618
620
553
556
618
619
621
542
547
552
553
618
620
622
547
551
615
616
618
621
623
551
611
612
613
614
615
622
2132
613
614
625
628
2132
624
628
649
2132
627
630
654
1057
1534
1536
1538
1543
1982
2305
626
654
656
1057
606
613
624
625
629
649
1893
1894
602
606
613
628
632
638
640
645
1893
626
631
654
1532
1534
630
633
652
654
1530
601
602
606
629
638
2112
631
634
635
652
1530
633
635
639
650
652
865
633
634
637
639
1530
638
640
962
2112
2113
2139
635
639
641
1500
1528
1530
629
632
636
640
2112
634
635
637
641
644
646
647
864
865
629
636
638
645
962
637
639
642
644
1500
1528
641
644
646
647
666
670
908
1498
1500
1845
1862
2101
2202
2230
2231
962
1959
2139
639
641
642
646
629
640
962
1893
1959
639
642
644
647
670
639
642
646
648
669
670
864
647
669
1918
625
628
653
1893
1894
2125
2132
634
651
652
864
865
1918
650
652
655
1918
631
633
634
650
651
654
655
649
2118
2125
2126
2132
2133
626
627
630
631
652
655
656
651
652
654
656
907
1917
1918
627
654
655
907
1057
1059
617
907
1058
1059
1903
659
660
661
2118
2121
2122
551
658
660
661
2118
2132
2133
547
551
658
659
661
868
658
659
660
663
664
868
2122
666
667
679
1918
2229
661
664
2122
2148
661
663
665
868
869
2148
664
671
869
2148
2149
642
662
667
670
2229
2230
662
666
669
670
1918
2229
536
538
547
868
870
647
648
667
670
1918
642
646
647
666
667
669
665
674
869
870
2148
2149
359
2046
2047
2101
694
702
894
910
914
2101
2102
538
671
675
870
2149
527
538
674
689
2149
677
678
681
684
1883
2149
676
684
1883
2200
2201
676
681
684
685
2149
662
680
902
1903
2229
679
688
876
902
909
2229
676
678
684
683
687
688
901
902
903
2130
682
901
903
676
677
678
681
685
887
2201
678
684
887
605
888
903
1903
682
888
903
1933
2130
680
682
876
901
902
2130
527
675
1883
576
583
594
1013
1014
1996
692
693
698
1014
2091
691
693
2091
2130
2131
691
692
698
1049
2120
2131
673
701
702
2119
2127
696
697
704
705
695
698
700
705
706
1049
695
704
1049
2120
691
693
696
699
700
1014
571
572
698
700
706
707
1014
696
698
699
705
706
707
694
702
703
894
895
2119
2120
673
694
701
894
701
704
709
710
895
1042
2120
695
697
703
705
710
2120
695
696
700
704
706
708
710
696
699
700
705
707
708
571
572
699
700
706
708
2260
705
706
707
710
2260
703
710
1042
1043
2260
703
704
705
708
709
2260
712
713
714
715
848
2260
711
713
715
2079
2260
711
712
715
716
804
850
2079
711
715
716
848
849
711
712
713
714
716
713
714
715
849
850
454
718
719
938
2224
452
454
717
719
2110
717
718
2110
2224
2226
725
848
2260
722
727
730
734
735
926
721
723
724
727
732
926
2260
722
724
727
722
723
725
727
2260
720
724
727
848
446
449
728
729
731
2110
2226
721
722
723
724
725
730
794
798
2085
726
729
731
736
2226
397
440
446
449
726
728
736
959
721
727
735
794
795
726
728
736
2226
722
733
739
926
2260
732
739
926
721
735
926
934
935
2108
721
730
734
795
2108
368
390
392
395
397
728
729
731
886
1082
2226
738
739
783
784
926
934
935
550
737
739
740
783
946
550
732
733
737
738
926
934
2260
738
741
769
783
946
740
751
768
769
946
975
1083
1691
1898
1919
1921
744
745
2261
2278
743
745
2278
2280
743
744
2278
752
947
2282
748
749
975
2262
2278
747
749
750
975
747
748
750
2278
748
749
845
975
2278
2304
741
752
768
906
946
2183
2184
2286
746
751
946
947
2282
2286
754
755
2296
2318
2319
753
755
756
2296
753
754
756
763
2319
754
755
761
763
975
2296
2319
758
760
772
2023
757
771
772
928
2023
762
765
766
2317
2319
757
2023
756
762
763
975
2004
759
761
763
765
2004
2005
2319
755
756
761
762
2004
2319
765
766
2005
759
762
764
766
2005
759
764
765
2317
768
769
770
905
929
741
751
767
769
905
906
2141
2142
740
741
767
768
770
780
781
782
783
767
769
777
778
779
780
781
929
758
772
773
774
776
777
928
929
757
758
771
773
774
846
847
880
928
2023
771
772
774
775
880
881
771
772
773
775
776
773
774
776
822
823
881
771
774
775
777
786
787
822
770
771
776
778
786
929
770
777
779
785
786
770
778
780
785
769
770
779
781
785
945
769
770
780
782
784
944
945
769
781
783
784
737
738
740
769
782
784
737
781
782
783
935
944
778
779
780
786
788
945
776
777
778
785
787
788
791
821
776
786
816
819
821
822
785
786
789
790
791
788
790
945
2080
2108
788
789
791
792
793
796
797
2080
786
788
790
792
821
790
791
797
821
790
794
796
2080
2109
727
730
793
795
796
2085
2109
730
735
794
2108
2109
790
793
794
797
2085
2086
790
792
796
821
2086
727
799
800
807
849
2085
2086
798
800
801
802
803
807
2086
798
799
801
849
799
800
802
849
799
801
803
804
850
851
799
802
806
807
851
1970
713
802
850
851
2079
810
811
1052
1973
2138
2194
803
807
851
872
1970
798
799
803
806
808
815
872
2086
807
809
815
872
2086
808
814
815
872
2193
805
811
812
813
852
1052
1973
2193
805
810
812
1973
810
811
817
824
852
1973
810
814
852
853
2193
809
813
815
816
820
853
2193
807
808
809
814
816
820
2086
787
814
815
819
820
821
2086
812
818
824
852
853
817
820
822
823
824
853
787
816
820
822
814
815
816
818
819
822
823
853
786
787
791
792
797
816
2086
775
776
787
818
819
820
823
775
818
820
822
824
846
880
881
812
817
818
823
846
1973
826
827
847
1973
825
827
1973
1974
825
826
828
1974
827
829
830
1974
828
830
828
829
831
1974
2138
830
832
854
1068
2138
831
854
855
1068
289
291
1909
2164
2221
187
188
189
190
191
193
835
187
191
834
2160
329
330
332
338
342
348
349
12
16
19
20
27
2297
2298
879
960
1612
1614
1961
1983
988
1168
2032
2178
19
20
841
842
993
10
14
840
842
968
1619
2045
2251
32
840
841
968
993
1036
2002
104
117
1010
2065
2151
2284
989
1172
1190
1195
1196
2050
750
975
2303
2304
772
823
824
847
880
1973
772
825
846
1973
2023
711
714
720
725
849
2260
714
716
798
800
801
848
850
713
716
802
804
849
2079
581
582
802
803
804
806
860
1970
2079
810
812
813
817
853
813
814
817
818
820
852
831
832
855
832
854
927
1068
542
553
558
561
577
857
858
859
493
497
498
568
856
859
517
542
544
856
859
498
517
856
857
858
579
580
581
582
851
861
579
580
582
585
860
963
376
378
385
435
863
970
376
379
384
385
862
970
639
647
650
865
1918
634
639
650
864
142
144
967
1053
1054
1960
2222
2247
2248
594
607
889
1932
1976
1996
547
660
661
664
668
869
870
664
665
671
868
870
538
668
671
674
868
869
138
2052
806
807
808
809
1970
2193
69
76
81
2017
2026
218
875
1972
177
185
215
216
218
874
1972
1980
680
688
909
910
2127
2130
2131
978
979
1004
1005
3
4
6
21
2000
2034
2035
4
5
7
838
960
1983
772
773
823
846
881
773
775
823
880
331
883
896
1070
328
331
333
882
1025
1070
2074
897
898
919
1884
1889
2068
2069
367
368
373
375
886
941
368
390
736
885
941
1082
684
685
2053
2201
2225
605
686
687
903
1933
503
594
598
867
899
916
1884
1976
380
381
382
391
393
407
409
424
1895
306
309
912
913
265
268
2137
2216
415
416
418
419
420
2101
673
701
702
895
2102
701
703
894
1042
2102
322
324
325
328
882
912
2164
884
898
899
1884
1889
499
884
897
899
1884
2068
499
598
889
897
898
1884
168
169
186
1021
2078
2153
2154
682
683
688
902
903
679
680
682
688
901
903
1903
682
683
686
687
888
901
902
1903
215
241
249
251
260
1980
2019
2175
767
768
929
2022
2142
751
768
2141
2183
2184
655
656
657
1059
1903
1917
642
910
2101
2231
680
876
910
2229
2230
2231
673
876
908
909
914
2101
2127
420
422
476
2059
2101
2102
2128
2129
306
319
322
891
896
913
931
1017
1032
2164
293
298
300
309
891
912
2164
673
910
2101
545
566
586
588
589
916
584
586
589
591
594
889
915
271
272
288
290
292
2241
486
494
919
950
1888
1889
494
884
918
1889
2069
127
129
921
1940
2152
2272
2273
127
129
140
141
920
254
264
266
350
1047
1048
1066
1067
2143
2145
2177
90
96
1084
1906
156
398
400
403
925
1041
1045
2281
2284
403
405
413
421
924
1045
721
722
732
733
734
737
739
934
855
1068
1069
2139
758
771
772
929
2022
2023
767
770
771
777
905
928
2022
304
931
2111
2271
314
316
318
319
912
930
932
2271
238
252
314
316
931
2111
198
936
1061
2213
2327
734
737
739
926
935
2108
734
737
784
934
944
2108
198
933
1078
2213
2327
454
508
513
522
523
938
454
519
523
528
530
531
717
937
2224
206
1077
1887
1900
2212
2227
369
373
375
941
1083
1866
1873
373
885
886
940
1082
1083
125
128
943
1029
125
126
128
942
1029
2051
781
784
935
945
2108
780
781
785
789
944
550
738
740
741
751
752
947
1041
2260
746
752
946
1041
2282
354
952
1062
1079
2063
2064
118
121
953
1012
1881
480
481
486
488
918
951
1888
1902
1981
2188
2299
2301
950
1902
2299
2300
354
948
973
1072
1910
2064
121
122
949
1881
2233
2234
59
64
80
955
956
1881
83
954
956
1075
1076
1905
87
90
954
955
1881
1905
149
150
2243
2244
2248
394
397
399
401
412
433
434
959
397
437
439
440
729
958
7
838
879
972
1614
2155
161
1904
1934
1991
2006
2161
2162
636
640
643
645
1959
2139
582
585
587
861
964
965
577
585
590
963
965
587
590
963
964
2076
133
136
142
967
2313
2314
136
142
143
866
966
1023
1024
841
842
2002
2251
2252
158
1934
1940
2065
2152
2161
428
432
435
862
863
971
432
435
438
970
2015
7
8
9
960
1007
2045
2156
952
1051
1072
1907
1910
2002
2003
975
742
747
748
750
756
761
845
974
1691
1921
2225
2295
2296
2303
2211
2214
2215
2237
2248
44
47
50
54
55
2096
86
877
979
1001
1002
1004
1005
93
877
978
980
1005
86
88
89
93
95
100
979
150
982
983
2248
146
147
981
983
2067
2248
147
148
151
981
982
119
123
127
129
985
986
1009
2152
119
120
134
135
984
986
119
127
129
135
137
139
984
985
147
148
2217
2269
839
989
1168
1169
2178
844
988
1169
1172
2050
2178
6
7
15
16
1008
26
29
30
992
2298
24
25
29
991
2297
2298
20
24
32
840
842
1037
60
61
2016
2064
2104
2105
71
77
79
999
1002
1006
13
17
23
997
17
22
23
26
27
30
996
81
82
999
1001
1003
76
77
81
995
998
1001
1002
61
62
68
69
71
2016
2017
86
978
998
999
1002
1003
1004
79
86
978
995
999
1001
1006
85
998
1001
1004
84
85
877
978
1001
1003
93
877
978
979
1040
79
86
88
995
1002
1881
7
8
12
972
1008
7
8
12
15
16
990
1007
111
114
117
119
123
984
1010
2151
117
843
1009
2065
2151
112
115
116
118
1012
116
118
121
949
1011
572
576
690
1014
572
690
691
698
699
1013
1996
2091
174
1016
1885
1900
1913
1015
1885
1887
1900
1913
912
1032
1033
2088
2270
2271
289
291
293
295
298
1019
2326
296
1018
2326
2327
154
157
167
1021
154
157
166
167
168
186
900
1020
180
195
1886
136
967
1024
1063
143
967
1023
1063
333
339
340
883
1070
1071
2236
227
228
278
2163
2164
130
131
1028
1029
2051
2052
130
131
134
135
137
139
1027
1029
1030
122
124
125
128
942
943
1027
1028
1030
2051
124
134
1028
1029
200
1945
2154
2326
2327
302
306
912
1017
1033
2088
295
300
302
1017
1032
1060
2087
2088
257
258
259
261
1035
2192
2236
2274
2275
261
1034
2024
2025
2219
2236
2274
32
33
34
36
842
2002
24
28
32
36
993
1038
28
32
36
38
43
45
1037
104
382
388
1040
2172
2283
84
93
94
97
98
104
1005
1039
2026
2172
924
946
947
1045
1944
2239
2240
2260
2281
2282
703
709
895
1043
2102
709
1042
2059
2102
2260
1045
1895
1896
1963
1964
2249
421
924
925
1041
1044
1895
1963
2000
2032
2033
2034
202
204
212
922
1048
2145
202
350
922
1047
693
696
697
2120
106
108
110
1085
448
468
973
1072
1073
2010
2011
2014
805
810
2193
2194
142
866
1054
2314
866
1053
1960
2222
334
336
326
334
1070
1071
2147
626
627
656
1058
1059
1981
1982
2302
617
657
1057
1059
1981
2302
656
657
907
1057
1058
233
295
296
1033
1061
2087
2173
2327
205
233
933
1060
2213
2327
365
389
948
1079
1080
2063
1023
1024
321
322
325
1065
2073
2074
321
322
324
325
1064
266
343
350
922
1067
266
343
344
345
346
922
1066
2144
2242
831
832
855
927
1069
2138
927
1068
2138
2139
310
311
323
326
882
883
1025
1056
1071
2164
2189
340
1025
1056
1070
2147
354
952
973
1051
1073
354
1051
1072
1079
1995
2014
73
78
83
1075
1954
83
955
1074
1076
83
955
1075
1905
1906
198
939
1078
2212
2213
2227
2228
198
936
1077
2212
2213
354
948
1062
1073
1080
1995
363
365
1062
1079
1995
2014
2015
63
67
70
72
73
1953
1954
2062
736
886
941
1083
1921
742
940
941
1082
1830
1873
1876
1879
1898
1919
1920
1921
99
103
923
1085
99
103
1050
1084
1088
1090
1091
1092
1180
2276
1089
1093
1096
1192
1193
1194
2028
2276
1086
1090
1105
1087
1096
1097
2263
2264
1086
1088
1091
1105
1994
1086
1090
1092
1993
1994
2276
1086
1091
1095
1993
2276
1087
1094
1096
2276
1093
1095
1096
1098
1100
2276
1092
1094
1100
1993
2185
2186
2276
1087
1089
1093
1094
1097
1098
2264
1089
1096
1098
1099
2264
1094
1096
1097
1099
1100
1097
1098
1100
1101
1137
2264
1094
1095
1098
1099
1101
1128
1137
1927
1999
2185
1099
1100
1106
1137
1138
2031
2198
2263
2264
1105
1108
1109
1110
1115
1927
1993
1994
1106
1107
1111
1113
2198
2199
2028
2031
2198
2199
2279
1088
1090
1102
1109
1994
1101
1103
1107
1138
2198
1103
1106
1111
1113
1137
1138
1139
1102
1109
1110
1120
1148
1102
1105
1108
1102
1108
1115
1119
1120
1998
1103
1107
1112
1113
1114
2038
2199
2279
1111
1114
1116
1121
2038
2039
1103
1107
1111
1114
1139
1111
1112
1113
1116
1139
1102
1110
1927
1998
1999
1112
1114
1121
1139
2039
1118
1125
1950
2279
1117
1121
1951
2039
2279
1110
1120
1108
1110
1119
1146
1148
1997
1998
1112
1116
1118
1139
1951
1952
2039
1123
1132
1164
1925
2324
1122
1164
1925
1926
1128
1140
1143
1145
1146
1997
1999
1117
1949
1950
2075
2279
1127
1131
1925
1949
2075
1126
1131
1925
2075
2323
1100
1124
1137
1140
1142
1927
1999
1130
1133
1134
1135
1154
1967
1129
1132
1134
1135
1149
1151
2322
1126
1127
1132
1925
2322
1122
1130
1131
1135
1164
1925
1967
2322
2324
1129
1134
1151
1154
1129
1130
1133
1135
1149
1151
1129
1130
1132
1134
1967
2322
1137
1139
1142
1099
1100
1101
1107
1128
1136
1138
1139
1142
1101
1106
1107
1137
1107
1113
1114
1116
1121
1136
1137
1141
1142
1161
1164
1952
1124
1128
1141
1142
1143
1144
1999
1139
1140
1142
1143
1144
1161
1128
1136
1137
1139
1140
1141
1124
1140
1141
1144
1145
1159
1160
2204
1140
1141
1143
1160
1161
1124
1143
1146
1159
1120
1124
1145
1159
1938
1939
1997
1148
1152
1156
1938
1108
1120
1147
1938
1130
1134
1151
2257
2258
2322
2323
1151
1153
2165
2258
1130
1133
1134
1149
1150
1154
2165
2258
1147
1155
1156
1167
2107
1150
2165
2257
2258
1129
1133
1151
1967
2165
2324
2325
1152
1156
1166
2107
1147
1152
1155
1159
1166
1938
1939
2158
1158
2165
2166
2257
1157
2257
2279
1143
1145
1146
1156
1160
1939
2158
2204
1143
1144
1159
1161
1162
1163
1164
1165
1947
2204
2256
1139
1141
1144
1160
1162
1164
1160
1161
1163
1164
2255
1160
1162
2255
2256
1122
1123
1132
1139
1160
1161
1162
1890
1926
1952
2255
2324
1160
1947
2204
2324
2325
1155
1156
2107
2158
2159
1152
2107
2159
839
988
1169
1170
1171
1948
1984
988
989
1168
1170
1172
1168
1169
1171
1172
1168
1170
1172
1948
2315
2316
844
989
1169
1170
1171
1189
1190
1191
2315
1177
1179
1183
2311
2316
1175
2055
2289
2290
2291
2292
1174
1214
1215
1216
2290
2291
1180
1182
1207
1210
2289
2290
1173
1178
1179
2311
2312
1177
1179
1295
1297
2312
1173
1177
1178
1181
1183
1185
1293
1086
1176
1182
1184
2289
1179
1183
1185
1251
1252
1278
1291
1293
1176
1180
1184
1188
1205
1207
1173
1179
1181
1185
1186
1187
2315
2316
1180
1182
1188
2276
1179
1181
1183
1186
1211
1249
1251
1183
1185
1187
1208
1211
1249
1183
1186
1189
1208
1211
2315
1182
1184
1203
1205
2276
2277
1172
1187
1191
1206
1208
1209
2315
844
1172
1191
1196
1936
1172
1189
1190
1206
1935
1087
1193
1201
1202
2276
2277
1087
1192
1194
1200
1201
1087
1193
1197
1200
844
1196
1219
1937
2055
844
1190
1195
1936
1937
1194
1198
1200
1277
2134
1197
1199
2028
2134
1198
2028
2134
2135
2279
2280
1193
1194
1197
1201
1277
2134
1192
1193
1200
1202
1261
1277
1192
1201
1261
1277
2277
1188
1205
1257
1259
1261
2277
1206
1891
1892
1935
1937
2055
1182
1188
1203
1207
1253
1257
1259
1189
1191
1204
1209
1891
1935
1176
1182
1205
1210
1248
1253
1186
1187
1189
1209
1211
1189
1206
1208
1211
1891
1176
1207
1212
1247
1248
2290
1185
1186
1187
1208
1209
1243
1249
1891
1210
1213
1247
1248
2290
1212
1214
1230
1231
1247
2290
1175
1213
1215
1229
1230
1231
2290
1175
1214
1216
1228
1229
1230
1175
1215
1217
1220
1228
1229
2291
1216
1218
1220
1221
1228
2291
1217
1221
1288
1975
2291
2292
1195
1937
2055
1216
1217
1221
1224
1228
1217
1218
1220
1222
1224
1288
1221
1223
1224
1288
1222
1224
1225
1238
1239
1288
1220
1221
1222
1223
1225
1226
1227
1228
1223
1224
1226
1227
1238
1239
1224
1225
1227
1228
1229
1236
1237
1224
1225
1226
1236
1237
1239
1240
1215
1216
1217
1220
1224
1226
1229
1236
1214
1215
1216
1226
1228
1230
1234
1236
1213
1214
1215
1229
1231
1232
1234
1213
1214
1230
1232
1234
1242
1247
1230
1231
1233
1234
1235
1242
1232
1234
1235
1241
1242
1229
1230
1231
1232
1233
1235
1236
1237
1232
1233
1234
1236
1237
1240
1241
1226
1227
1228
1229
1234
1235
1237
1226
1227
1234
1235
1236
1240
1241
1223
1225
1239
1288
1333
1334
1223
1225
1227
1238
1240
1332
1333
1227
1235
1237
1239
1241
1328
1330
1332
1233
1235
1237
1240
1242
1324
1326
1328
1330
1231
1232
1233
1241
1245
1247
1322
1324
1211
1244
1246
1249
1254
1256
1258
1260
1891
1892
1243
1246
1892
1978
2054
2055
1242
1247
1248
1250
1320
1322
1324
1243
1244
1260
1262
1978
1210
1212
1213
1231
1242
1245
1248
1207
1210
1212
1245
1247
1250
1253
1255
1257
1185
1186
1211
1243
1251
1254
1245
1248
1255
1257
1319
1320
1322
1181
1185
1249
1252
1254
1181
1251
1254
1276
1278
1291
1205
1207
1248
1257
1243
1249
1251
1252
1256
1275
1276
1278
1248
1250
1257
1259
1264
1317
1319
1320
1243
1254
1258
1274
1275
1203
1205
1248
1250
1253
1255
1259
1243
1256
1260
1272
1274
1275
1203
1205
1255
1257
1261
1264
1317
1243
1246
1258
1262
1270
1272
1274
1201
1202
1203
1259
1264
1277
2277
1246
1260
1267
1270
1272
1978
2099
1264
1271
1273
1281
1315
1317
1255
1259
1261
1263
1277
1317
1268
1288
1958
1977
1979
1269
1273
1281
1309
1311
1313
1262
1268
1270
1282
1284
2099
2100
1265
1267
1282
1284
1958
1979
2099
2100
1266
1273
1285
1296
1298
1309
1311
1260
1262
1267
1272
1282
1263
1273
1277
2135
1258
1260
1262
1270
1274
1280
1282
1263
1266
1269
1271
1281
1283
1285
2135
1256
1258
1260
1272
1275
1280
1254
1256
1258
1274
1276
1280
1252
1254
1275
1278
1279
1280
1318
2041
1197
1200
1201
1202
1261
1264
1271
2134
2135
1181
1252
1254
1276
1279
1291
1276
1278
1291
1310
1314
1316
1318
1272
1274
1275
1276
1282
2041
1263
1266
1273
1311
1313
1315
1317
1267
1268
1270
1272
1280
1284
2041
1273
1285
1286
1287
2135
2280
1267
1268
1282
1955
1958
2041
1269
1273
1283
1286
1296
1283
1285
1292
1294
1296
1283
1289
1290
1292
2280
1218
1221
1222
1223
1238
1265
1334
1574
1957
1958
1975
1977
1287
1290
1292
1387
2280
1287
1289
1292
1294
1383
1385
1387
1181
1252
1278
1279
1293
1308
1310
1286
1287
1289
1290
1294
1179
1181
1291
1295
1308
1310
1286
1290
1292
1296
1298
1300
1371
1383
1178
1293
1297
1299
1306
1308
1269
1285
1286
1294
1298
1178
1295
1299
1321
2312
1269
1294
1296
1300
1309
1295
1297
1302
1306
1321
1294
1298
1301
1309
1369
1371
1300
1305
1307
1309
1356
1369
1371
1299
1304
1306
1321
1343
1607
1880
1961
1305
1322
1324
1326
1346
1348
1356
1302
1306
1308
1339
1341
1343
1880
1301
1303
1307
1320
1322
1356
1295
1299
1302
1304
1308
1301
1305
1309
1311
1313
1319
1320
1291
1293
1295
1304
1306
1310
1312
1339
1266
1269
1298
1300
1301
1307
1311
1279
1291
1293
1308
1312
1314
1266
1269
1281
1307
1309
1313
1319
1308
1310
1314
1335
1339
1412
1266
1281
1307
1311
1315
1319
1279
1310
1312
1316
1335
1412
1263
1281
1313
1317
1319
1279
1314
1318
1325
1412
1255
1259
1263
1264
1281
1315
1319
1276
1279
1316
1325
2041
1250
1255
1307
1311
1313
1315
1317
1320
1245
1250
1255
1305
1307
1319
1322
1297
1299
1302
1607
1961
2311
2312
1242
1245
1250
1303
1305
1320
1324
1325
1327
1427
1990
2041
1241
1242
1245
1303
1322
1326
1316
1318
1323
1327
1412
2041
1241
1303
1324
1328
1345
1346
1323
1325
1329
1331
1412
1427
1240
1241
1326
1330
1344
1345
1346
1327
1331
1412
1422
1423
1425
1426
1427
1240
1241
1328
1332
1342
1344
1345
1327
1329
1335
1353
1412
1421
1422
1239
1240
1330
1333
1340
1342
1238
1239
1332
1334
1338
1340
1238
1288
1333
1336
1338
1572
1574
1312
1314
1331
1337
1339
1351
1353
1412
1334
1338
1557
1562
1572
1335
1339
1341
1349
1351
1333
1334
1336
1340
1557
1304
1308
1312
1335
1337
1341
1332
1333
1338
1342
1555
1557
1304
1337
1339
1343
1347
1349
1330
1332
1340
1344
1554
1555
1302
1304
1341
1347
1880
1328
1330
1342
1345
1553
1554
1326
1328
1330
1344
1346
1552
1553
1303
1326
1328
1345
1348
1552
1341
1343
1349
1357
1359
1361
1880
1303
1346
1350
1354
1356
1552
1337
1341
1347
1351
1355
1357
1359
1348
1352
1354
1551
1552
1335
1337
1349
1353
1355
1357
1350
1354
1360
1527
1537
1539
1551
1331
1335
1351
1355
1376
1378
1418
1421
1348
1350
1352
1356
1358
1360
1349
1351
1353
1357
1372
1374
1376
1301
1303
1305
1348
1354
1358
1369
1347
1349
1351
1355
1359
1368
1370
1372
1354
1356
1360
1362
1367
1369
1347
1349
1357
1361
1363
1365
1368
1370
1352
1354
1358
1362
1523
1527
1537
1347
1359
1363
1365
1579
1602
1880
1358
1360
1364
1367
1521
1523
1527
1359
1361
1365
1366
1392
1393
1579
1602
1362
1367
1373
1521
1359
1361
1363
1366
1368
1390
1393
1363
1365
1390
1392
1393
1358
1362
1364
1369
1371
1373
1357
1359
1365
1370
1386
1388
1390
1300
1301
1356
1358
1367
1371
1357
1359
1368
1372
1386
1388
1294
1300
1301
1367
1369
1373
1381
1383
1355
1357
1370
1374
1384
1386
1364
1367
1371
1375
1381
1521
1355
1372
1376
1382
1384
1373
1379
1381
1521
1353
1355
1374
1378
1380
1382
1379
1396
1397
1403
1405
1495
1519
1353
1376
1380
1404
1406
1414
1416
1417
1418
1476
1375
1377
1381
1383
1385
1391
1396
1397
1519
1521
1376
1378
1382
1402
1404
1371
1373
1375
1379
1383
1374
1376
1380
1384
1400
1402
1404
1290
1294
1371
1379
1381
1385
1391
1372
1374
1382
1386
1398
1400
1402
1290
1379
1383
1387
1389
1391
1368
1370
1372
1384
1388
1398
1400
1987
1289
1290
1385
1389
1391
2280
1368
1370
1386
1390
1395
1398
1987
1385
1387
1391
1394
2280
1365
1366
1368
1388
1393
1395
1379
1383
1385
1387
1389
1394
1396
1363
1366
1393
1482
1566
1579
1363
1365
1366
1390
1392
1395
1482
1389
1391
1396
1397
1399
2280
1388
1390
1393
1482
1987
1988
1377
1379
1391
1394
1397
1399
1377
1379
1394
1396
1399
1403
1384
1386
1388
1400
1985
1987
1394
1396
1397
1401
1403
2280
1382
1384
1386
1398
1402
1479
1985
1399
1403
1409
1411
2280
1380
1382
1384
1400
1404
1478
1479
1377
1397
1399
1401
1405
1407
1409
1411
1378
1380
1382
1402
1406
1476
1478
1377
1403
1407
1493
1495
1378
1404
1408
1410
1414
1416
1475
1476
1403
1405
1409
1413
1493
1406
1410
1414
1466
1467
1469
1475
1476
1401
1403
1407
1411
1413
1406
1408
1414
1459
1464
1466
1401
1403
1409
1413
1419
1435
2280
1312
1314
1316
1325
1327
1329
1331
1335
1407
1409
1411
1415
1419
1477
1493
1378
1406
1408
1410
1416
1443
1444
1459
1464
1413
1419
1445
1472
1477
1480
1941
1378
1406
1414
1417
1442
1443
1444
1378
1416
1418
1440
1442
1443
1353
1378
1417
1421
1422
1440
1442
1411
1413
1415
1420
1431
1435
1445
1419
1431
1435
1445
1331
1353
1418
1422
1440
1329
1331
1418
1421
1423
1438
1440
1329
1422
1424
1425
1426
1436
1438
1440
1423
1425
1430
1432
1433
1434
1437
1329
1423
1424
1426
1430
1990
1329
1423
1425
1427
1430
1990
1323
1327
1329
1426
1990
1429
1431
1439
1441
1445
1451
1428
1431
1435
1441
1424
1425
1426
1432
1736
1738
1739
1990
1419
1420
1428
1429
1435
1445
1424
1430
1433
1454
1739
1769
1770
1424
1432
1434
1453
1454
1424
1433
1437
1453
1411
1419
1420
1429
1431
1439
1441
1451
2280
1423
1437
1438
1452
1453
1424
1434
1436
1452
1453
1422
1423
1436
1440
1442
1443
1452
1428
1435
1441
1451
1417
1418
1421
1422
1423
1438
1442
1428
1429
1435
1439
1451
1416
1417
1418
1438
1440
1443
1452
1414
1416
1417
1438
1442
1444
1452
1414
1416
1443
1446
1457
1459
1415
1419
1420
1428
1431
1448
1451
1472
1941
1444
1447
1449
1450
1457
1458
1446
1449
1450
1454
1457
1458
1445
1451
1941
1446
1447
1450
1452
1453
1446
1447
1449
1452
1453
1454
1428
1435
1439
1441
1445
1448
1456
1460
1461
1655
1941
2280
1436
1437
1438
1442
1443
1449
1450
1453
1433
1434
1436
1437
1449
1450
1452
1454
1432
1433
1447
1450
1453
1458
1769
1770
1772
1773
1774
1456
1941
1942
1451
1455
1460
1463
1465
1941
1444
1446
1447
1458
1459
1446
1447
1454
1457
1459
1774
1775
1778
1782
1410
1414
1444
1457
1458
1462
1464
1782
1451
1456
1461
1463
1451
1460
1463
1655
1657
1459
1464
1782
1783
1456
1460
1461
1465
1655
1656
1657
1410
1414
1459
1462
1466
1783
1784
1790
2001
1456
1463
1656
1942
1408
1410
1464
1467
2001
1408
1466
1469
1470
1494
1496
2001
2058
1471
1483
1638
1640
1653
1654
1941
1942
1408
1467
1470
1475
1467
1469
1473
1474
1488
1492
1494
1468
1472
1481
1483
1941
1942
1415
1445
1471
1480
1481
1941
1470
1474
1478
1479
1488
1985
1986
1470
1473
1475
1476
1478
1406
1408
1469
1474
1476
1378
1404
1406
1408
1474
1475
1478
1413
1415
1480
1493
1402
1404
1473
1474
1476
1479
1400
1402
1473
1478
1985
1415
1472
1477
1481
1489
1493
1471
1472
1480
1483
1486
1487
1489
1392
1393
1395
1484
1561
1564
1566
1579
1988
1468
1471
1481
1485
1486
1487
1638
1640
1482
1514
1516
1561
1564
1988
1483
1486
1637
1638
1481
1483
1485
1487
1506
1508
1618
1637
1481
1483
1486
1489
1491
1505
1506
1470
1473
1490
1492
1986
1480
1481
1487
1491
1493
1488
1492
1504
1507
1509
1511
1986
1487
1489
1493
1497
1499
1501
1505
1470
1488
1490
1494
1502
1504
1405
1407
1413
1477
1480
1489
1491
1495
1497
1467
1470
1492
1496
1498
1502
1377
1405
1493
1497
1519
1467
1494
1498
2058
2202
1491
1493
1495
1499
1517
1519
642
1494
1496
1500
1502
2202
1491
1497
1501
1517
1519
637
641
642
1498
1502
1504
1528
1491
1499
1503
1505
1515
1492
1494
1498
1500
1504
1501
1505
1513
1515
1490
1492
1500
1502
1507
1528
1487
1491
1501
1503
1506
1513
1486
1487
1505
1508
1510
1513
1490
1504
1509
1526
1528
1486
1506
1510
1618
1637
2267
1490
1507
1511
1524
1526
1986
1506
1508
1513
1618
2265
2267
1490
1509
1512
1522
1524
1986
1511
1514
1520
1522
1986
1988
1503
1505
1506
1510
1515
1529
1533
2265
1484
1512
1516
1518
1520
1988
1501
1503
1513
1517
1523
1525
1529
1484
1514
1518
1543
1497
1499
1515
1519
1521
1523
1525
1514
1516
1520
1538
1543
1377
1379
1495
1497
1499
1517
1521
1512
1514
1518
1522
1534
1536
1538
1362
1364
1373
1375
1379
1517
1519
1523
1511
1512
1520
1524
1532
1534
1536
1360
1362
1515
1517
1521
1525
1527
1509
1511
1522
1526
1530
1532
1515
1517
1523
1527
1529
1507
1509
1524
1528
1530
1352
1360
1362
1523
1525
1529
1531
1537
637
641
1500
1504
1507
1526
1530
1513
1515
1525
1527
1531
1533
631
633
635
637
1524
1526
1528
1532
1527
1529
1533
1535
1537
630
1522
1524
1530
1534
1513
1529
1531
1535
1544
1716
2265
2266
626
630
1520
1522
1532
1536
1531
1533
1537
1539
1542
1544
626
1520
1522
1534
1538
1352
1360
1527
1531
1535
1539
626
1518
1520
1536
1543
2305
1352
1535
1537
1541
1542
1549
1551
1556
1644
1646
2305
2306
1539
1542
1546
1549
1535
1539
1541
1544
1545
1546
1549
626
1516
1518
1538
2305
1533
1535
1542
1545
1546
1605
1716
1542
1544
1546
1547
1598
1600
1605
1541
1542
1544
1545
1547
1548
1549
1545
1546
1548
1559
1591
1593
1596
1598
1600
1714
1546
1547
1549
1550
1555
1558
1559
1539
1541
1542
1546
1548
1550
1551
1548
1549
1551
1552
1553
1554
1555
1558
1350
1352
1539
1549
1550
1552
1553
1345
1346
1348
1350
1550
1551
1553
1344
1345
1550
1551
1552
1554
1342
1344
1550
1553
1555
1340
1342
1548
1550
1554
1557
1558
1540
1573
1644
2070
2071
2306
1336
1338
1340
1555
1558
1560
1562
1548
1550
1555
1557
1559
1560
1547
1548
1558
1560
1565
1567
1596
1557
1558
1559
1562
1565
1567
1482
1484
1564
1568
1569
2305
2306
1336
1557
1560
1563
1565
1572
1562
1565
1570
1572
1482
1484
1561
1559
1560
1562
1563
1567
1570
1392
1482
1569
1578
1579
1582
1585
1559
1560
1565
1570
1577
1596
1915
1931
1561
1569
1571
1578
1561
1566
1568
1578
1563
1565
1567
1572
1577
1568
1573
1576
1578
2306
1334
1336
1562
1563
1570
1574
1575
1577
1556
1571
1576
2071
2306
1288
1334
1572
1575
1957
1572
1574
1577
1957
1571
1573
1578
1585
1586
2071
1567
1570
1572
1575
1931
1957
2041
2042
1566
1568
1569
1571
1576
1585
1361
1363
1392
1482
1566
1582
1602
1581
1584
1732
1734
1911
1931
1580
1911
1912
1931
2041
1566
1579
1585
1597
1599
1601
1602
1604
1584
1587
1730
1732
1580
1583
1732
1734
1928
1931
1566
1576
1578
1582
1586
1597
1576
1585
1592
1594
1595
1597
2071
1583
1589
1591
1593
1730
1915
1928
1589
1591
1714
1717
1728
1729
1587
1588
1591
1728
1730
1592
1617
1619
1627
2072
1547
1587
1588
1589
1593
1714
1717
1586
1590
1594
1617
2071
2072
1547
1587
1591
1596
1915
1586
1592
1595
1614
1617
2155
1586
1594
1597
1599
1604
1606
1612
1614
1547
1559
1567
1593
1915
1582
1585
1586
1595
1599
1545
1547
1600
1603
1713
1714
1582
1595
1597
1601
1604
1606
1545
1547
1598
1603
1605
1582
1599
1602
1604
1607
1361
1363
1579
1582
1601
1607
1880
1598
1600
1605
1712
1713
1714
1716
1582
1595
1599
1601
1606
1607
1609
1544
1545
1600
1603
1716
1595
1599
1604
1607
1609
1612
1962
1302
1321
1601
1602
1604
1606
1609
1880
1961
1610
1611
1711
1712
1716
1604
1606
1607
1961
1962
1608
1611
1615
1616
1716
2266
1608
1610
1613
1615
1616
1711
838
1595
1606
1614
1961
1962
1611
1615
1621
1622
1624
1666
1710
1711
838
960
1594
1595
1612
2155
1610
1611
1613
1616
1620
1621
1622
1610
1611
1615
1618
1620
1621
2267
1590
1592
1594
1619
2155
2156
1486
1508
1510
1616
1620
1636
1637
2267
841
1590
1617
1627
2045
2156
2251
1615
1616
1618
1621
1635
1636
2267
1613
1615
1616
1620
1622
1634
1635
1613
1615
1621
1624
1632
1634
1633
2003
2010
2252
1613
1622
1625
1626
1632
1664
1665
1666
1624
1626
1628
1632
1624
1625
1628
1662
1664
1590
1619
1629
1631
2070
2072
2251
1625
1626
1630
1632
1647
1662
2036
2037
1627
1631
1641
1644
2070
2072
2251
1628
1647
1650
2036
1627
1629
1633
1641
2010
2011
2251
1622
1624
1625
1628
1634
1647
1623
1631
2010
2251
2252
1621
1622
1632
1635
1647
1648
1620
1621
1634
1636
1639
1645
1648
1618
1620
1635
1637
1638
1639
1645
1485
1486
1508
1618
1636
1638
1639
1468
1483
1485
1636
1637
1639
1640
1643
1635
1636
1637
1638
1643
1645
1468
1483
1638
1643
1653
1629
1631
1642
1644
1646
2011
468
1641
1646
2011
2305
1638
1639
1640
1645
1652
1653
1540
1556
1629
1641
1646
1635
1636
1639
1643
1648
1649
1652
1653
1540
1641
1642
1644
2305
1628
1630
1632
1634
1648
1649
1650
1634
1635
1645
1647
1649
1645
1647
1648
1650
1652
1630
1647
1649
1651
1652
2036
1650
1652
1654
1661
2036
2037
1643
1645
1649
1650
1651
1653
1654
1661
1468
1640
1643
1645
1652
1654
1468
1651
1652
1653
1656
1657
1658
1660
1661
1942
1451
1461
1463
1657
1659
1660
2280
1463
1465
1654
1657
1942
1461
1463
1654
1655
1656
1658
1660
1654
1657
1660
1655
1660
2092
2280
1654
1655
1657
1658
1659
1661
1651
1652
1654
1660
2037
2092
1626
1628
1664
2037
2092
1664
1665
1673
1674
2092
1624
1626
1662
1663
1665
1624
1663
1664
1666
1667
1668
1673
1613
1624
1665
1667
1705
1710
1711
1665
1666
1668
1705
1665
1667
1669
1673
1705
1668
1670
1671
1672
1673
1705
1669
1671
1678
1679
1697
1700
1701
1705
1669
1670
1672
1675
1676
1677
1678
2040
1669
1671
1673
1674
1675
1663
1665
1668
1669
1672
1674
1663
1672
1673
1675
2092
1671
1672
1674
2040
1671
1677
1682
1683
1684
1688
2040
1671
1676
1678
1679
1681
1682
1670
1671
1677
1679
1697
1670
1677
1678
1680
1681
1697
1679
1681
1686
1692
1696
1697
1677
1679
1680
1682
1685
1686
1676
1677
1681
1684
1685
1676
1684
1688
1676
1682
1683
1685
1688
1681
1682
1684
1686
1687
1688
1965
1680
1681
1685
1687
1692
1685
1686
1692
1693
1797
1965
2013
1676
1683
1684
1685
1690
1965
2040
2309
1965
1966
1688
1965
1966
2309
2310
742
975
1826
1828
1898
2261
2262
1680
1686
1687
1693
1696
1697
1797
1687
1692
1694
1695
1696
1795
1797
1693
1695
1792
1794
1795
1693
1694
1696
1698
1699
1720
1721
1753
1792
1680
1692
1693
1695
1697
1698
1670
1678
1679
1680
1692
1696
1698
1700
1695
1696
1697
1699
1700
1695
1698
1700
1702
1720
1670
1697
1698
1699
1701
1702
1670
1700
1702
1704
1705
1699
1700
1701
1703
1704
1720
1702
1704
1706
1707
1719
1720
1701
1702
1703
1705
1706
1666
1667
1668
1669
1670
1701
1704
1706
1710
1703
1704
1705
1707
1709
1710
1703
1706
1708
1709
1718
1719
1707
1709
1712
1713
1718
1706
1707
1708
1710
1711
1712
1613
1666
1705
1706
1709
1711
1608
1611
1613
1666
1709
1710
1712
1603
1608
1708
1709
1711
1713
1716
1598
1603
1708
1712
1714
1716
1718
1547
1588
1591
1598
1603
1713
1715
1717
1718
1714
1717
1718
1533
1544
1603
1605
1608
1610
1712
1713
2266
1588
1591
1714
1715
1718
1719
1724
1726
1729
1707
1708
1713
1714
1715
1717
1719
1703
1707
1717
1718
1720
1724
1695
1699
1702
1703
1719
1721
1723
1724
1725
1695
1720
1722
1723
1753
1721
1723
1725
1727
1750
1751
1752
1753
1720
1721
1722
1725
1727
1717
1719
1720
1725
1726
1727
1720
1722
1723
1724
1726
1727
1717
1724
1725
1727
1729
1749
1750
1722
1723
1724
1725
1726
1749
1750
1588
1589
1729
1730
1731
1588
1717
1726
1728
1730
1731
1748
1749
1583
1587
1589
1728
1729
1731
1732
1728
1729
1730
1732
1747
1748
1749
1580
1583
1584
1730
1731
1734
1745
1746
1747
1748
1734
1735
1737
1746
1912
1580
1584
1732
1733
1746
1911
1733
1736
1737
1912
1990
1430
1735
1737
1738
1990
1733
1735
1736
1738
1745
1746
1430
1736
1737
1739
1740
1741
1743
1744
1745
1430
1432
1738
1741
1769
1738
1741
1742
1743
1744
1766
1767
1768
1769
1770
1771
1738
1739
1740
1769
1740
1743
1762
1768
1738
1740
1742
1744
1761
1762
1738
1740
1743
1745
1747
1761
1732
1737
1738
1744
1746
1747
1732
1733
1734
1737
1745
1747
1731
1732
1744
1745
1746
1748
1761
1729
1731
1732
1747
1749
1750
1760
1761
1726
1727
1729
1731
1748
1750
1722
1726
1727
1748
1749
1751
1760
1722
1750
1752
1760
1722
1751
1753
1754
1758
1760
1695
1721
1722
1752
1754
1755
1792
1752
1753
1755
1758
1760
1792
1753
1754
1756
1757
1758
1792
1755
1757
1758
1792
1794
1796
1755
1756
1758
1763
1764
1793
1796
1752
1754
1755
1756
1757
1759
1760
1763
1764
1758
1760
1761
1762
1763
1748
1750
1751
1752
1754
1758
1759
1761
1743
1744
1747
1748
1759
1760
1762
1742
1743
1759
1761
1763
1768
1757
1758
1759
1762
1764
1766
1767
1768
1757
1758
1763
1765
1766
1793
1796
1764
1766
1771
1773
1774
1793
2205
1740
1763
1764
1765
1767
1771
1740
1763
1766
1768
1740
1742
1762
1763
1767
1432
1454
1739
1740
1741
1770
1432
1454
1740
1769
1771
1772
1740
1765
1766
1770
1772
1773
1454
1770
1771
1773
1454
1765
1771
1772
1774
1454
1458
1765
1773
1775
2206
1458
1774
1778
2206
1777
1791
2084
2205
2206
1776
1778
1779
1780
1787
2083
2084
2206
1458
1775
1777
1779
1782
2206
1777
1778
1780
1781
1782
1783
1777
1779
1781
1787
1779
1780
1782
1783
1787
1790
1458
1459
1462
1778
1779
1781
1783
1462
1464
1779
1781
1782
1790
1464
1785
1786
1790
2001
2207
1784
1786
1788
1843
1844
2207
1784
1785
1787
1788
1790
2207
1777
1780
1781
1786
1788
1789
1790
2083
1785
1786
1787
1789
1790
1843
1787
1788
1833
1843
2083
1464
1781
1783
1784
1786
1787
1788
1776
2009
2081
2084
1694
1695
1753
1754
1755
1756
1794
1757
1764
1765
1796
2082
2205
1694
1756
1792
1795
1796
1797
2009
1693
1694
1794
1797
1756
1757
1764
1793
1794
2009
2082
1687
1692
1693
1794
1795
1798
2008
2009
2013
1797
1799
1802
1812
2008
2012
2013
1798
1800
1801
2008
2009
1799
1801
1803
1804
2009
1799
1800
1802
1803
1804
1798
1801
1803
1805
1809
1810
1811
1812
1800
1801
1802
1804
1805
1809
1833
1800
1801
1803
1805
1833
2009
1802
1803
1804
1806
1808
1809
1833
1805
1807
1808
1820
1833
1834
1897
1806
1808
1818
1819
1820
1805
1806
1807
1809
1817
1818
1819
1802
1803
1805
1808
1810
1817
1818
1802
1809
1811
1815
1816
1817
1802
1810
1812
1814
1815
1816
1798
1802
1811
1813
1814
1815
2012
1812
1814
1824
2012
2013
1811
1812
1813
1815
1824
2012
1810
1811
1812
1814
1816
1823
1824
1810
1811
1815
1817
1822
1823
1808
1809
1810
1816
1818
1821
1822
1807
1808
1809
1817
1819
1820
1821
1822
1807
1808
1818
1820
1821
1806
1807
1818
1819
1821
1828
1897
1817
1818
1819
1820
1822
1827
1828
1816
1817
1818
1821
1823
1825
1827
1815
1816
1822
1824
1825
1826
1827
1813
1814
1815
1823
1826
2013
1822
1823
1826
1827
1828
1691
1823
1824
1825
1827
1828
1965
2013
2310
1821
1822
1823
1825
1826
1828
1691
1820
1821
1825
1826
1827
1897
1898
1831
1832
1834
1897
1898
1083
1831
1832
1879
1898
1829
1830
1832
1898
1829
1830
1831
1834
1835
1836
1837
1879
1789
1803
1804
1805
1806
1834
1843
2009
2083
2084
1806
1829
1832
1833
1835
1836
1837
1838
1841
1842
1843
1897
2117
1832
1834
1836
1832
1834
1835
1837
1832
1834
1836
1838
1877
1879
2116
2117
1834
1837
1839
1840
1841
2117
1838
1840
1841
1849
1850
1851
2117
1838
1839
1841
1842
1848
1849
1834
1838
1839
1840
1842
1834
1840
1841
1843
1844
1848
1785
1788
1789
1833
1834
1842
1844
1785
1842
1843
1848
2207
2208
642
1856
1862
2202
2203
1847
1850
1851
1852
1853
1855
1871
1846
1849
1850
1871
2208
1840
1842
1844
1849
2208
1839
1840
1847
1848
1850
2208
1839
1846
1847
1849
1851
1839
1846
1850
1852
1853
2117
1846
1851
1853
1869
2116
2117
1846
1851
1852
1854
1855
1868
1869
1853
1855
1856
1857
1858
1868
1846
1853
1854
1856
1871
2203
1845
1854
1855
1857
1862
1871
2203
1854
1856
1858
1862
1854
1857
1859
1861
1862
1867
1868
1858
1860
1861
1862
1859
1861
1862
1863
1865
1858
1859
1860
1865
1867
2168
351
352
642
1845
1856
1857
1858
1859
1860
1863
1864
1860
1862
1864
1865
351
352
353
1862
1863
1865
352
353
1860
1861
1863
1864
2167
2168
369
940
1867
1873
1989
2168
1858
1861
1866
1868
1870
1872
1873
2168
1853
1854
1858
1867
1869
1870
1852
1853
1868
1870
1877
2116
1867
1868
1869
1872
1874
1877
1846
1847
1855
1856
2202
2203
2208
1867
1870
1873
1874
1875
1876
940
1083
1866
1867
1872
1876
1870
1872
1875
1877
1878
1879
1872
1874
1876
1878
1879
1083
1872
1873
1875
1878
1879
1837
1869
1870
1874
1879
2116
1874
1875
1876
1879
1083
1830
1832
1837
1874
1875
1876
1877
1878
1302
1304
1343
1347
1361
1602
1607
64
65
74
79
87
88
89
91
99
102
103
106
108
112
113
114
116
118
120
122
124
132
949
953
954
956
1006
2018
2094
2095
527
528
1883
2053
2200
2224
2225
527
676
677
689
1882
2149
2200
884
889
897
898
899
1889
1976
2299
174
1015
1016
1886
1887
1904
1992
2007
2228
180
195
1022
1885
1887
1992
2228
939
1016
1885
1886
1900
2227
2228
486
918
950
1889
2299
884
897
918
919
1884
1888
2299
1164
1926
1949
1950
1952
1204
1206
1209
1211
1243
1892
1204
1243
1244
1891
2054
2055
628
629
645
649
1894
1959
628
649
1893
2125
409
411
413
421
424
890
1044
1045
1896
424
425
1044
1895
2249
1806
1820
1828
1829
1834
1898
742
1083
1691
1828
1829
1830
1831
1897
281
301
2164
2189
206
211
939
1015
1016
1887
1913
286
2024
2025
2044
2236
603
604
950
951
1981
2300
2301
617
657
679
686
902
903
907
1917
1918
2301
961
1885
1991
1992
2006
2007
90
955
956
1076
1906
90
923
1076
1905
40
973
1908
1910
2002
40
41
49
1907
1910
2106
236
833
2020
2163
2164
2221
952
973
1907
1908
2064
2105
2106
1580
1581
1734
1912
2041
1581
1733
1735
1911
1990
2041
174
211
1015
1016
1900
1922
1924
1940
2273
152
2021
2137
2191
2192
2209
2245
2246
2248
2268
2275
1567
1587
1593
1596
1928
1931
2209
2237
2238
2248
655
907
1903
1918
648
650
651
655
662
667
669
864
1903
1917
742
1083
1920
1921
1083
1919
1921
742
975
1082
1083
1919
1920
2225
2226
211
1913
1923
1924
2273
172
213
1922
2273
1913
1922
2273
1122
1123
1126
1127
1131
1132
1926
1949
1123
1164
1890
1925
1949
1100
1102
1115
1128
1993
1999
2185
2186
1584
1587
1915
1931
526
533
534
535
1944
1963
199
204
212
2146
2184
1567
1577
1580
1581
1584
1915
1928
2041
604
607
867
1933
1976
1996
2090
2091
605
687
888
1932
2090
2130
159
160
161
961
969
2161
1191
1204
1206
1936
1937
1190
1196
1935
1937
1195
1196
1204
1219
1935
1936
2055
1146
1147
1148
1156
1939
1997
1146
1156
1159
1938
2158
158
163
174
920
969
1913
2006
2007
2152
2273
1415
1445
1448
1451
1455
1456
1468
1471
1472
1942
1455
1465
1468
1471
1654
1656
1941
389
2063
537
539
1041
1929
1963
2239
171
1031
1968
2154
2221
2326
18
2140
2178
2179
1160
1165
2256
2324
1168
1171
1984
2150
2311
2316
1125
1126
1890
1925
1926
1950
2075
1117
1125
1890
1949
1951
1952
1118
1121
1950
1952
1121
1139
1164
1890
1950
1951
1081
1954
2060
2062
73
78
1074
1081
1953
1284
1956
1958
2041
1955
1957
1958
2041
2042
1288
1574
1575
1577
1956
1958
2042
1265
1268
1284
1288
1955
1956
1957
2042
643
645
962
1893
2139
145
866
1054
2066
2222
2248
838
1302
1321
1607
1609
1612
1962
1983
1984
2150
1606
1609
1612
1961
525
526
1044
1045
1929
1944
1964
525
1044
1963
2249
2250
1685
1687
1688
1689
1690
1826
1966
2013
2310
1689
1690
1965
2310
1129
1132
1135
1154
2324
171
1945
1969
2221
168
171
173
175
222
1968
2221
587
803
806
851
872
2076
2077
2193
179
222
1972
2020
177
179
218
874
875
1971
1980
2019
2020
805
810
811
812
824
825
826
846
847
1974
2138
826
827
828
830
1973
2138
1218
1288
1977
2054
603
607
867
889
1884
1932
2299
2300
1265
1288
1975
1979
2054
1244
1246
1262
1979
2054
2099
2100
1265
1268
1977
1978
2054
2100
215
218
875
904
1972
2019
2020
468
950
1057
1058
1902
1982
2188
2301
2302
2305
626
1057
1981
2305
2
4
838
879
1961
1984
2
3
1168
1948
1961
1983
2000
2032
2150
1398
1400
1473
1479
1986
1987
1473
1488
1490
1509
1511
1512
1985
1987
1988
1386
1388
1395
1398
1985
1986
1988
1395
1482
1484
1512
1514
1986
1987
364
366
369
1866
2167
2168
1323
1425
1426
1427
1430
1735
1736
1912
2041
180
961
1904
1992
2162
180
1885
1886
1904
1991
2007
1091
1092
1095
1102
1927
1994
2186
1090
1091
1102
1105
1993
1073
1079
1080
2014
594
690
867
1014
1932
2090
2091
1120
1124
1146
1938
1998
1999
1110
1115
1120
1997
1999
1100
1115
1124
1128
1140
1927
1997
1998
3
878
1046
1984
2034
1464
1466
1467
1784
2058
2207
2208
33
40
842
968
973
1036
1907
2003
2252
973
1623
2002
2010
2252
761
762
763
2005
762
764
765
2004
163
961
1904
1940
2007
174
1885
1904
1940
1992
2006
1797
1798
1799
2009
1791
1794
1796
1797
1799
1800
1804
1833
2008
2081
2084
1051
1623
1631
1633
2003
2011
468
1051
1631
1641
1642
2010
1798
1812
1813
1814
2013
1687
1797
1798
1813
1824
1826
1965
2012
441
447
448
450
453
491
1051
1073
1080
1995
2015
363
377
435
438
491
971
1080
2014
2123
69
994
1000
2017
2064
69
76
873
1000
2016
2026
2027
2064
68
74
1881
215
234
236
241
904
1972
1980
2020
222
236
1909
1971
1972
1980
2019
2221
152
153
1914
2268
2269
905
928
929
2023
2029
2142
757
758
760
772
847
928
2022
2029
267
1035
1901
2025
2043
2044
2219
2220
1035
1901
2024
2044
2236
81
84
873
1040
2017
2027
2063
2172
2017
2026
2063
2064
1087
1104
1198
1199
2031
2135
2263
2279
192
194
2022
2023
2030
2141
2142
192
201
202
2029
1101
1104
2028
2198
2199
2263
11
839
1046
1984
2033
11
21
23
1046
2032
2034
2035
878
1046
2000
2033
2035
21
878
2033
2034
1628
1630
1650
1651
2037
1628
1651
1661
1662
2036
2092
1111
1112
2039
2279
1112
1116
1118
1121
2038
2279
1671
1675
1676
1688
2092
1276
1280
1282
1284
1318
1323
1325
1577
1581
1911
1912
1931
1955
1956
1990
2042
1577
1956
1957
1958
2041
267
268
2024
2044
267
273
286
1901
2024
2025
2043
8
9
10
841
972
1619
2156
356
357
358
672
2047
2048
2049
2101
359
672
2046
2048
2049
2101
358
364
2046
2047
2049
2167
362
364
2046
2047
2048
844
989
2140
2178
126
943
1027
1029
2052
130
138
871
1027
2051
887
1882
2201
2225
1244
1892
1975
1977
1978
1979
2055
2292
1174
1195
1204
1219
1244
1892
1937
2054
2292
350
2057
350
2056
1467
1496
2001
2202
2208
476
911
1043
2102
2129
2259
2260
54
55
1953
2061
2062
52
54
55
57
63
2060
2062
57
63
1081
1953
2060
2061
371
389
948
1062
1943
2026
2027
2064
2171
2172
948
952
994
1910
2016
2017
2027
2063
2105
843
969
1010
2151
2152
2161
2284
145
147
1960
2067
2222
2223
145
146
147
982
2066
2223
524
884
898
2069
2249
2250
492
494
884
919
2068
2249
1556
1627
1629
2071
2072
1556
1573
1576
1586
1592
2070
2072
1590
1592
1627
1629
2070
2071
252
255
256
257
258
259
315
316
321
1064
2074
2235
325
328
333
883
1064
2073
2235
2236
1125
1126
1127
1949
2279
2323
587
593
595
597
965
1970
2077
595
601
1970
2076
2193
186
187
900
2153
2154
2160
2195
2197
477
581
712
713
804
850
851
2259
2260
789
790
793
2108
2109
1791
2009
2082
1793
1796
2081
2205
1777
1787
1789
1833
2084
1776
1777
1791
1833
2009
2083
727
794
796
798
2086
796
797
798
799
807
808
815
816
821
2085
1033
1060
2088
2173
2174
304
1017
1032
1033
2087
2089
2174
2270
237
304
2088
2115
2174
1932
1933
1996
2091
2130
691
692
1014
1932
1996
2090
2130
1659
1661
1662
1663
1674
2037
2040
2261
2309
180
182
2161
2162
2196
100
101
102
107
1881
2095
101
107
111
113
1881
2094
39
44
977
2098
17
31
37
2098
37
39
2096
2097
1262
1267
1268
1978
2100
1267
1268
1978
1979
2099
351
357
359
360
418
420
642
672
673
893
908
910
911
914
2046
2047
2102
420
673
894
895
911
1042
1043
2059
2101
190
193
196
198
200
2327
56
60
994
2105
2106
994
1910
2064
2104
2106
49
56
1908
1910
2104
2105
1152
1155
1166
1167
734
735
789
795
934
935
944
2080
2109
793
794
795
2080
2108
449
718
719
726
2226
237
238
304
930
932
601
632
636
638
2113
2193
2194
636
2112
2138
2139
2194
235
237
239
2115
235
237
2089
2114
2174
1837
1852
1869
1877
2117
1834
1837
1838
1839
1851
1852
2116
653
658
659
2121
2126
2133
694
701
2120
2127
2131
693
697
701
703
704
1049
2119
2127
2131
658
2118
2122
2126
658
661
663
2121
426
430
432
438
2015
2124
2249
491
2123
2249
649
653
1894
2126
653
2118
2121
2125
694
876
910
2119
2120
2131
420
422
911
2129
422
423
475
476
911
2059
2128
2293
682
687
688
692
876
1933
2090
2091
2131
692
693
876
2119
2120
2127
2130
551
614
623
624
625
649
653
659
2133
551
653
659
2118
2132
1197
1198
1199
1200
1277
2135
1199
1271
1273
1277
1283
2028
2134
2280
305
342
347
348
349
2241
2242
153
892
1914
2216
2245
2246
2269
2275
805
830
831
1068
1069
1973
1974
2113
2139
2194
636
643
927
962
1069
1959
2113
2138
1946
2050
2178
194
768
906
2029
2142
2184
194
768
905
2022
2029
2141
263
269
290
922
2144
2177
290
1067
2143
2241
2242
212
254
922
1047
2146
2177
204
212
1930
2145
2176
2177
2183
2184
1056
1071
2236
663
664
665
671
2149
665
671
674
675
676
678
1883
2148
1948
1961
1984
2311
123
843
1009
1010
2065
2152
123
127
920
969
984
1940
2065
2151
2161
169
170
171
900
2078
2154
171
187
188
189
200
900
1031
1945
2078
2153
960
1594
1614
1617
2156
972
1617
1619
2045
2155
230
235
2173
2288
1156
1159
1166
1939
2159
2204
2325
1166
1167
2158
2204
2325
182
184
187
835
2078
2195
156
161
961
969
1934
2065
2093
2152
2162
2196
2284
180
961
1991
2093
2161
228
232
234
236
244
1026
1909
2164
278
279
280
281
291
833
896
912
913
1026
1070
1899
1909
2163
1150
1151
1153
1154
1157
2166
2257
1157
2165
353
355
358
364
1865
1989
2048
2168
353
1861
1865
1866
1867
1989
2167
164
177
185
2170
2176
155
164
165
178
183
2169
2176
2183
371
386
387
388
2063
2172
388
1039
1040
2026
2063
2171
230
231
233
1060
2087
2157
2174
235
2087
2088
2089
2115
2173
214
215
260
263
904
2176
2177
185
214
216
2146
2169
2170
2175
2177
2183
253
254
263
264
922
2143
2145
2146
2175
2176
11
839
988
989
1946
2050
2140
2179
11
13
18
1946
2178
246
248
250
2182
2191
255
257
2182
2192
250
252
255
2180
2181
2192
181
183
751
906
2146
2170
2176
2184
2285
2286
194
197
199
751
906
1930
2141
2146
2183
1095
1100
1927
2186
1095
1927
1993
2185
459
467
468
2188
459
468
480
950
1981
2187
301
308
310
1070
1899
2190
294
299
301
303
308
2189
1914
2180
2192
2209
255
257
1034
1914
2181
2182
2191
2275
601
809
810
813
814
872
1052
1970
2077
2112
2194
805
1052
2112
2113
2138
2193
182
187
2078
2160
2196
2197
154
156
182
186
2093
2161
2195
2197
2281
2282
186
2078
2195
2196
1101
1103
1104
1106
2031
2199
1103
1104
1111
2031
2198
2279
677
1882
1883
2201
677
684
887
2053
2200
642
1496
1498
1845
1871
2058
2203
1845
1855
1856
1871
2202
1143
1159
1160
1165
2158
2159
2325
1765
1776
1793
2082
2206
1774
1775
1776
1777
1778
2205
1784
1785
1786
1844
2001
2208
1844
1847
1848
1849
1871
2001
2058
2207
242
246
1914
1916
2191
2238
2248
172
2211
2247
2273
172
976
2210
2214
2247
2248
206
207
208
939
1077
1078
2213
205
207
208
229
933
936
1061
1077
1078
2212
172
213
223
976
2211
2215
220
223
976
2214
2237
265
267
892
2137
2219
2220
2274
2275
148
151
987
2218
2269
151
2217
2243
2269
1035
2024
2216
2220
2274
265
267
2024
2216
2219
222
289
833
1909
1945
1968
1969
2020
2326
866
1054
1960
2066
2223
147
2066
2067
2222
528
717
719
938
1882
2225
2226
887
975
1882
1921
2053
2224
2226
719
726
728
731
736
1921
2110
2224
2225
939
1077
1887
2228
195
196
198
1077
1885
1886
1887
2227
662
666
667
679
680
909
2230
2231
642
666
909
2229
2231
642
908
909
2229
2230
554
555
557
559
560
2254
121
122
953
2234
122
125
953
2233
259
2073
2074
2236
259
286
333
339
340
1025
1034
1035
1901
2025
2074
2147
2235
219
220
221
976
1916
2215
2238
2248
2287
221
242
1916
2209
2237
539
543
1041
1944
2240
543
1041
2239
2253
2260
290
292
305
917
2136
2144
2242
305
346
347
348
1067
2136
2144
2241
957
2218
2244
957
2243
2248
2268
152
153
1914
2137
2246
1914
2137
2245
144
866
2210
2211
2248
2272
145
146
149
150
866
957
976
981
982
1914
1916
1960
2209
2211
2237
2244
2247
2268
425
426
492
1044
1896
1964
2068
2069
2123
2124
2250
525
1964
2068
2249
841
968
1619
1627
1629
1631
1633
2252
968
1623
1633
2002
2003
2251
541
543
549
2240
2254
2260
549
555
2232
2253
2260
1162
1163
1164
2256
2324
1160
1163
1947
2255
2324
1149
1153
1157
1158
2165
2258
2279
2322
2323
1149
1150
1151
1153
2257
474
476
477
2059
2079
2260
550
554
555
557
569
570
571
707
708
709
710
711
712
720
722
724
732
739
848
946
1041
1043
2059
2079
2240
2253
2254
2259
743
1691
2092
2262
747
1691
2261
1089
1101
2028
2031
2264
1089
1096
1097
1099
1101
2263
1510
1513
1533
2266
2267
1533
1610
1716
2265
2267
1508
1510
1616
1618
1620
2265
2266
1914
2021
2244
2248
2269
987
2021
2137
2217
2218
2268
304
1017
2088
2271
304
930
931
1017
2270
143
144
920
2247
2273
172
920
1913
1922
1923
1924
1940
2210
2272
261
1034
1035
2216
2219
2275
1034
1914
2137
2192
2216
2274
1086
1087
1091
1092
1093
1094
1095
1184
1188
1192
2277
1188
1192
1202
1203
1261
2276
743
744
745
747
749
750
2279
2280
2295
2296
2304
2317
2318
2319
1104
1111
1117
1118
1125
1158
1199
2028
2038
2039
2075
2199
2257
2278
2280
2323
744
1199
1283
1287
1289
1387
1389
1394
1399
1401
1411
1435
1451
1655
1659
2135
2278
2279
156
924
1041
2196
2282
154
186
746
752
947
1041
2196
2281
2285
2286
104
391
393
396
398
1039
2284
104
156
398
843
924
2065
2161
2283
154
155
181
2183
2282
2286
154
751
752
2183
2282
2285
219
221
240
2237
2288
217
219
230
235
240
2157
2287
1174
1176
1180
2290
1174
1175
1176
1210
1212
1213
1214
2289
1174
1175
1216
1217
1218
2292
1174
1218
2054
2055
2291
422
423
427
431
472
473
475
2129
2294
412
419
422
423
427
2293
975
2278
2296
2303
2304
753
754
756
975
2278
2295
2318
20
837
992
2298
27
837
991
992
2297
603
950
951
1884
1888
1889
1976
2300
603
951
1902
1976
2299
605
617
950
1902
1903
1981
2302
617
1057
1058
1981
2301
845
975
2295
2304
750
845
2278
2295
2303
468
626
1538
1540
1543
1561
1642
1646
1981
1982
2306
1540
1556
1561
1571
1573
2305
545
564
566
2308
548
565
2307
1688
1690
2092
2310
1690
1826
1965
1966
2309
1173
1177
1321
1948
2150
2312
2316
1177
1178
1297
1321
2311
133
138
966
2314
142
966
1053
2313
1171
1172
1183
1187
1189
2316
1171
1173
1183
1948
2311
2315
759
766
2278
2319
753
2278
2296
2319
753
755
756
759
762
763
2278
2317
2318
561
577
597
599
600
606
608
612
613
2321
561
608
609
610
2320
1130
1131
1132
1135
1149
2257
2323
1127
1149
2075
2257
2279
2322
1122
1132
1154
1164
1165
1947
1967
2255
2256
2325
1154
1165
2158
2159
2204
2324
289
1018
1019
1031
1945
2221
2327
198
200
296
933
936
1019
1031
1060
1061
2103
2326
